4294967279,78
4294967279,77
4294967279,76
4294967279,75
4294967279,74
4294967279,73
4294967279,72
4294967279,71
4294967279,70
4294967279,69
4294967279,98
4294967279,97
4294967279,96
4294967279,95
4294967279,94
4294967279,93
4294967279,92
4294967279,91
4294967279,90
4294967279,89
4294967279,87
4294967279,86
4294967279,85
4294967279,84
4294967279,83
4294967279,82
4294967279,81
4294967279,80
4294967279,79
4294967278,140
4294967279,538
4294967278,139
4294967278,138
4294967278,136
4294967278,135
4294967278,134
4294967278,133
4294967279,271
4294967294,30
4294967294,61
4294967278,276
4294967279,270
4294967294,180
4294967294,183
4294967294,179
4294967294,12
4294967294,104
4294967294,106
4294967294,166
4294967294,24
4294967294,160
4294967294,168
4294967294,162
4294967294,11
4294967294,68
4294967279,108
4294967279,107
4294967279,106
4294967279,105
4294967279,104
4294967279,103
4294967279,102
4294967279,101
4294967279,100
4294967279,99
4294967279,266
4294967278,272
4294967278,8
4294967278,7
4294967278,6
4294967278,4
4294967279,132
4294967279,131
4294967279,129
4294967279,128
4294967279,127
4294967279,124
4294967279,123
4294967279,122
4294967279,121
4294967279,120
4294967279,119
4294967279,118
4294967279,117
4294967279,116
4294967279,115
4294967279,114
4294967279,113
4294967279,112
4294967279,111
4294967279,110
4294967279,228
4294967279,109
4294967279,278
4294967278,283
4294967279,265
4294967278,269
4294967279,264
4294967278,268
4294967278,267
4294967279,262
4294967278,281
4294967279,261
4294967278,265
4294967279,275
4294967278,353
4294967278,264
4294967278,262
4294967279,537
4294967279,88
4294967279,174
4294967278,352
4294967278,5
4294967279,254
4294967278,278
4294967279,536
4294967279,130
4294967279,535
4294967279,126
4294967279,534
4294967279,125
4294967278,254
4294967278,351
4294967279,249
4294967279,248
4294967279,245
4294967279,243
4294967278,238
4294967278,237
4294967278,228
4294967278,227
4294967278,220
4294967278,213
4294967278,37
4294967278,36
4294967278,35
4294967278,34
4294967278,33
4294967278,32
4294967278,31
4294967278,30
4294967278,29
4294967278,28
4294967278,27
4294967278,26
4294967278,25
4294967278,24
4294967278,23
4294967278,22
4294967278,21
4294967278,20
4294967278,284
4294967278,19
4294967278,18
4294967278,17
4294967278,16
4294967278,15
4294967278,14
4294967278,13
4294967278,12
4294967278,174
4294967278,88
4294967278,266
4294967278,11
4294967278,10
4294967278,9
4294967279,268
4294967279,269
4294967279,267
4294967279,18
4294967279,17
4294967279,16
4294967279,15
4294967279,13
4294967279,11
4294967278,350
4294967279,533
4294967279,532
4294967278,349
30,6
30,5
30,4
4294967278,203
30,3
30,2
30,1
4294967278,201
4294967278,200
29,4
4294967278,199
29,3
29,2
29,1
4294967278,348
4294967294,474
4294967278,198
4294967294,469
4294967278,197
4294967279,531
4294967278,347
4294967278,346
4294967279,530
4294967278,191
4294967279,529
4294967278,345
28,6
4294967278,344
4294967279,528
4294967278,343
4294967294,1419
4294967278,342
4294967278,187
4294967279,527
4294967278,186
4294967278,341
4294967278,185
4294967278,184
4294967278,181
4294967278,183
28,5
28,4
4294967278,182
28,3
28,2
28,1
4294967278,180
4294967278,179
4294967278,178
4294967278,177
4294967294,473
4294967278,176
4294967279,526
4294967279,525
4294967278,175
26,5
4294967278,172
26,4
4294967278,171
26,3
26,2
26,1
4294967278,340
4294967294,388
4294967294,389
4294967294,114
4294967294,423
4294967294,115
4294967294,120
4294967294,396
4294967294,408
4294967294,397
4294967294,400
4294967294,420
4294967294,406
4294967294,948
4294967294,178
4294967294,177
4294967294,385
4294967294,414
4294967294,415
4294967294,405
4294967294,167
4294967294,919
4294967294,119
4294967294,116
4294967294,457
4294967294,175
4294967294,164
4294967278,170
4294967294,902
4294967278,339
4294967278,167
4294967278,338
4294967278,166
4294967294,38
4294967294,950
4294967294,418
4294967294,949
4294967294,921
4294967294,41
4294967294,40
4294967294,36
4294967294,43
4294967278,165
4294967279,524
4294967278,164
4294967278,162
4294967278,159
4294967278,161
4294967278,160
4294967294,44
4294967294,76
4294967278,337
4294967278,336
4294967278,155
4294967294,52
4294967294,416
4294967294,51
4294967279,523
4294967278,154
4294967278,335
4294967278,153
4294967278,152
4294967278,151
4294967278,334
4294967294,99
4294967294,82
4294967279,145
22,4
22,3
22,2
22,1
4294967278,333
4294967294,88
4294967294,86
4294967294,85
21,4
21,3
21,2
21,1
4294967279,522
4294967294,92
4294967294,91
4294967294,107
4294967279,272
20,4
20,3
20,2
20,1
4294967278,332
4294967279,521
4294967279,260
4294967294,903
4294967278,331
4294967278,260
4294967278,0
4294967279,279
4294967278,132
4294967278,131
4294967278,122
4294967278,120
4294967278,119
4294967278,118
4294967278,117
4294967278,116
4294967278,115
4294967278,112
4294967278,110
4294967278,109
4294967278,108
4294967278,107
4294967278,106
4294967278,105
4294967278,104
4294967278,103
4294967278,101
4294967278,98
4294967278,96
4294967278,95
4294967278,94
4294967278,93
